20

6 9
19
3 7
3 3
2 8
3 7
3 7
3 7
0 8
2 0
0 1
4 8
5 1
4 1
3 3
3 7
2 2
2 7
5 3
0 6
0 8
10 10

10 7
23
0 4
7 3
5 0
3 3
8 4
4 6
8 5
7 1
6 0
8 0
8 6
5 2
6 5
4 5
6 4
6 2
5 2
9 5
8 2
0 6
5 4
6 3
4 6
10 5

6 9
26
2 5
1 2
0 4
0 1
5 7
4 8
2 0
4 0
4 1
3 8
1 3
1 6
5 2
3 8
1 5
1 2
3 5
0 7
5 8
1 6
1 7
4 3
5 4
1 5
1 2
2 0
20 5

8 5
21
4 2
0 3
3 2
5 0
6 0
3 2
3 2
4 1
6 1
5 3
1 3
5 2
5 3
2 3
7 0
5 4
4 3
4 2
7 4
5 0
4 0
10 2

5 8
12
1 5
0 7
0 0
2 2
0 2
0 3
4 7
3 6
0 0
0 4
1 6
2 6
50 25

10 7
26
1 0
4 1
9 3
7 1
0 4
4 4
1 0
8 3
2 1
3 6
7 3
3 4
0 2
2 5
6 2
4 6
0 0
4 4
6 4
4 4
2 2
4 3
1 5
0 3
5 4
3 3
50 10

9 8
17
4 5
6 1
8 7
2 0
0 0
4 6
8 4
4 2
8 2
6 7
8 5
5 1
4 6
3 5
5 2
1 0
7 0
20 10

5 6
17
1 3
3 4
1 3
2 1
2 2
4 4
1 0
2 0
4 1
3 3
2 4
4 2
4 4
2 5
4 3
2 4
0 1
50 10

5 7
27
3 6
3 0
2 6
1 4
1 3
3 2
2 4
4 6
1 4
2 5
4 1
0 4
1 0
1 2
4 2
3 6
3 1
0 3
1 3
0 2
0 5
0 5
0 6
0 2
0 5
1 6
3 4
50 10

5 5
27
1 2
0 0
0 4
0 4
3 2
4 3
2 0
4 1
3 2
1 3
2 1
0 4
2 0
3 4
1 4
1 0
1 4
0 0
2 3
4 0
1 3
2 1
1 4
2 4
1 1
1 1
2 1
20 10

8 9
26
5 1
3 7
6 5
5 4
2 8
0 5
6 8
3 7
2 1
4 5
7 2
3 5
7 8
3 1
1 7
4 8
4 3
3 4
2 2
0 7
4 6
4 8
4 6
2 2
3 2
4 4
10 1

5 10
11
4 9
4 8
1 7
4 2
4 1
2 1
1 6
2 3
2 5
4 0
0 8
20 5

7 8
16
2 3
1 7
6 3
6 3
0 3
3 3
0 3
4 1
4 7
1 1
6 6
1 4
1 3
2 4
6 7
2 7
20 2

6 6
23
1 3
0 0
3 3
5 0
2 4
4 3
1 5
1 1
0 1
3 3
5 3
1 4
2 4
4 1
3 0
0 0
5 5
4 0
4 0
2 5
2 2
0 5
5 3
10 5

5 8
27
1 3
1 5
3 1
2 6
2 4
2 5
1 6
3 7
1 5
2 5
1 7
0 3
0 7
4 0
4 7
2 7
1 0
0 0
0 1
1 0
0 5
4 4
2 2
1 0
4 0
4 4
2 3
20 2

10 6
12
7 3
2 2
9 2
5 1
2 4
2 2
3 5
5 5
1 5
6 3
7 0
0 1
30 10

8 10
11
2 9
4 5
7 8
7 7
2 8
5 2
0 3
0 4
6 1
3 2
2 4
10 2

9 8
24
0 0
4 5
8 0
3 4
6 4
8 6
5 5
2 6
0 5
7 0
4 0
3 0
2 5
1 2
6 6
3 4
5 1
2 3
8 5
0 2
2 4
7 1
3 7
4 1
30 5

6 5
22
2 1
0 3
2 0
1 4
1 1
1 3
2 3
0 1
5 2
0 1
5 3
0 0
1 3
3 4
3 4
1 4
4 3
5 2
3 2
0 2
5 0
5 1
20 10

8 7
27
0 4
1 1
2 1
6 2
6 3
3 6
0 3
4 4
3 5
5 1
4 6
5 5
4 5
7 4
6 6
7 6
5 3
4 5
7 3
7 2
0 2
4 4
6 4
6 3
2 2
7 3
2 0
35 5
