8

10 14
40
6 13
9 8
2 10
6 2
7 10
3 6
0 5
5 3
4 9
1 2
0 1
6 12
9 7
1 3
4 7
6 3
4 11
3 12
0 6
0 1
7 4
0 13
4 1
7 12
8 6
3 9
6 7
1 5
5 9
1 10
0 12
1 3
8 1
1 10
4 7
7 9
3 1
6 8
4 11
2 11
16 8

15 12
32
9 3
3 5
7 9
11 3
7 10
11 0
6 9
12 11
10 2
13 9
1 10
13 11
0 7
2 5
11 2
12 8
3 7
8 7
14 6
0 1
1 4
8 3
4 9
6 5
0 6
8 1
1 10
11 5
2 5
10 1
11 10
4 8
19 8

13 13
43
1 1
6 6
9 10
12 3
2 1
7 0
4 6
4 4
8 3
12 4
7 6
3 4
11 10
7 0
3 12
4 9
4 9
10 9
8 9
10 0
0 8
2 8
12 2
12 3
12 9
12 0
4 3
5 11
9 2
12 2
11 6
5 11
3 9
12 9
12 8
12 11
10 1
11 0
11 4
4 8
3 9
4 0
11 6
20 8

10 15
41
7 4
7 8
5 10
4 4
1 1
4 5
7 13
1 1
9 6
3 14
1 9
1 13
8 8
1 6
3 6
0 13
3 14
3 0
8 2
4 6
0 9
5 7
7 12
3 12
7 2
8 4
2 10
6 3
0 8
3 7
1 13
5 1
1 5
4 8
6 4
0 6
5 6
6 1
7 1
0 10
2 12
17 9

15 15
29
8 5
11 2
9 3
9 9
11 0
10 5
3 1
13 6
6 10
6 6
2 6
9 1
13 5
8 0
14 4
10 14
13 0
3 7
10 4
4 13
1 12
9 5
4 3
1 7
2 2
4 12
5 4
4 3
3 9
21 7

12 12
39
2 5
1 6
2 4
0 1
1 0
5 9
0 10
4 3
1 10
4 4
7 7
0 7
4 0
4 4
8 3
4 10
4 4
5 9
10 10
0 4
9 3
10 11
6 1
6 7
7 8
3 6
4 10
8 0
6 3
0 10
4 4
9 1
9 6
6 10
8 9
1 2
9 8
3 1
8 2
24 3

13 10
22
4 8
6 6
6 3
10 8
7 4
12 0
2 3
8 0
8 0
9 5
2 3
12 0
9 9
0 1
7 5
4 4
2 2
11 4
2 8
7 6
12 6
12 5
22 8

13 13
25
0 11
12 1
2 1
2 9
10 7
5 7
11 9
12 0
9 11
0 8
1 2
0 0
4 12
0 10
2 7
1 1
1 6
10 6
11 4
7 10
6 0
7 8
12 2
1 1
8 9
20 3
