7

14 14
71
6 2
0 1
11 5
2 2
0 12
12 11
10 8
13 4
9 10
4 0
8 10
7 5
12 10
2 13
5 2
8 2
8 12
0 7
8 6
13 7
0 4
0 8
12 1
10 2
5 4
5 11
12 7
3 13
6 1
1 6
9 9
9 7
3 4
6 11
3 10
7 13
0 13
10 1
5 9
2 11
8 7
1 9
6 12
8 1
2 6
12 1
6 3
11 9
9 4
8 7
2 6
7 10
5 5
9 13
9 11
7 10
7 6
0 2
1 12
10 1
13 8
4 5
12 5
0 9
2 2
10 6
13 10
9 8
9 8
5 7
10 2
23 7

12 11
60
0 1
8 3
4 0
11 0
8 8
3 7
0 1
4 6
10 0
11 0
8 8
8 1
1 8
2 9
8 5
4 1
8 5
6 6
9 5
7 2
6 3
11 0
11 9
5 4
3 1
10 4
6 2
1 4
11 6
9 6
6 10
2 6
6 7
5 8
3 6
6 3
2 7
5 0
11 10
10 3
9 7
4 8
3 4
7 0
7 10
3 4
8 3
5 9
1 2
3 7
6 10
4 5
8 1
8 8
8 6
9 10
11 7
2 10
8 4
9 4
15 6

11 10
34
4 2
7 3
2 9
1 4
4 1
0 9
7 3
8 8
5 4
5 9
1 5
7 9
10 1
10 6
5 1
9 9
5 4
2 1
5 5
1 2
10 4
3 3
9 9
5 6
4 3
8 8
9 7
0 1
4 2
1 2
0 5
2 5
4 3
7 2
21 9

15 11
46
11 1
4 0
7 2
3 9
8 9
11 10
3 2
3 8
6 10
9 4
1 3
11 10
8 1
9 8
14 0
0 5
1 0
5 7
1 0
6 1
1 1
9 4
13 2
9 1
2 3
1 4
12 3
2 7
13 6
1 7
11 2
9 6
9 8
5 4
2 10
9 0
13 9
11 9
14 4
4 5
0 8
5 5
1 8
10 6
7 6
12 1
24 7

13 11
47
3 9
10 4
7 7
11 9
1 7
10 3
9 1
7 5
11 6
5 3
3 5
6 10
10 2
8 10
11 1
10 2
7 4
4 8
6 1
10 8
8 3
8 10
1 5
1 4
1 9
12 3
1 3
5 2
6 8
6 6
11 2
4 2
5 1
0 5
3 0
8 10
0 8
7 10
2 9
12 3
11 9
9 3
12 9
0 7
2 6
2 10
12 8
21 7

13 15
44
9 3
6 11
10 11
3 2
5 4
9 10
7 8
9 6
11 3
7 4
9 9
11 14
6 10
4 4
10 3
5 13
10 12
0 6
12 6
11 1
3 2
3 14
10 5
9 3
0 8
8 1
2 13
1 2
0 8
1 1
7 6
4 7
12 12
11 13
9 11
1 10
4 10
2 4
12 3
11 11
10 6
10 8
2 4
12 10
21 4

12 13
32
2 8
1 11
1 5
1 11
7 1
11 11
7 1
1 0
11 7
11 7
5 11
9 7
1 10
11 1
1 2
11 7
2 2
10 11
2 7
1 2
4 0
11 0
6 12
10 8
11 8
2 1
10 6
7 2
10 0
9 11
4 12
5 8
25 3
