10

18 3
13
5 0
9 0
3 1
11 0
8 0
7 0
9 0
1 0
15 0
0 1
1 1
11 1
1 0
18 2

12 5
9
6 1
6 3
6 1
9 1
6 1
8 3
0 3
1 1
6 3
23 4

6 16
26
3 2
4 7
3 1
2 13
3 13
3 9
0 10
4 2
3 1
4 13
3 13
4 8
2 14
1 7
4 1
4 3
3 13
2 3
1 14
1 9
4 11
1 5
1 5
4 1
2 6
4 12
20 4

24 6
34
8 0
8 2
18 2
16 2
0 1
16 1
11 0
3 1
3 2
20 2
6 1
22 0
10 3
5 1
12 3
12 2
9 0
14 0
7 3
15 3
15 0
10 4
0 0
8 2
13 0
7 3
3 4
5 1
17 0
11 1
3 1
21 0
14 1
11 0
47 3

13 21
26
2 5
4 17
3 18
11 0
4 15
6 16
7 15
11 10
9 7
0 18
5 6
10 16
0 11
2 15
11 13
9 13
10 13
10 5
11 14
1 0
9 15
0 4
2 19
7 7
10 7
5 12
14 2

17 11
35
3 9
10 6
2 9
6 0
10 5
15 6
0 5
13 9
11 1
2 4
12 9
5 8
3 7
1 8
5 7
13 8
9 9
12 3
10 6
3 2
1 9
12 7
6 7
5 0
11 9
12 9
4 9
15 5
14 3
14 4
0 9
12 1
2 3
5 2
11 2
38 1

15 24
23
0 2
5 19
8 7
2 18
7 11
1 17
10 16
6 22
8 2
11 6
13 21
5 4
9 21
13 20
5 12
5 21
1 9
13 12
5 5
13 16
11 7
10 3
12 18
37 3

10 24
49
0 3
6 20
8 17
3 22
4 9
6 4
4 3
0 7
0 20
5 7
4 10
4 5
4 6
3 17
3 13
7 8
6 19
4 18
8 2
7 19
6 11
3 0
8 9
0 5
0 11
4 2
5 18
5 3
2 9
3 4
0 15
4 15
3 5
3 18
4 0
8 7
1 2
1 20
5 3
5 11
7 3
6 14
8 21
1 10
7 3
5 0
3 21
5 0
7 21
46 3

22 24
3
13 22
7 0
7 5
35 2

21 10
60
18 7
14 4
0 7
8 2
5 1
1 0
11 8
1 2
6 0
2 2
11 8
3 6
11 2
0 0
17 3
9 6
13 7
16 7
4 8
18 0
6 0
6 5
13 2
19 5
1 1
8 3
6 2
9 5
6 2
19 5
9 6
2 2
3 2
19 7
15 8
1 0
8 4
3 3
7 0
13 7
8 3
13 7
5 6
4 7
3 0
18 7
3 3
18 8
3 8
18 5
19 4
5 3
10 6
1 4
15 2
18 6
16 7
19 1
18 7
4 0
20 3
