10

13 24
49
0 0
4 21
4 12
4 1
4 1
7 7
9 18
7 16
3 15
6 14
6 0
11 12
5 8
10 11
10 8
2 22
1 4
2 22
0 14
8 4
7 11
7 1
4 0
10 0
1 14
9 7
5 12
5 6
4 17
1 17
11 18
9 11
2 8
11 9
2 4
11 15
3 14
7 15
0 10
2 18
9 1
2 9
0 9
9 5
2 5
4 6
9 15
7 0
9 21
9 4

6 7
13
3 3
1 4
1 2
2 4
3 5
0 1
3 5
4 0
4 4
0 1
1 4
0 0
3 0
45 2

26 23
17
15 21
22 7
13 10
4 7
3 5
15 3
13 0
6 19
13 16
3 21
12 18
20 16
11 0
17 1
7 10
18 1
13 9
28 2

11 21
63
7 3
6 4
8 7
5 5
5 11
3 14
3 11
4 13
5 7
6 10
9 8
0 19
8 13
6 2
7 19
1 16
2 19
0 10
6 15
6 13
9 11
0 4
3 4
8 10
1 4
2 3
4 2
2 13
8 8
5 5
7 18
1 2
9 1
2 8
8 0
1 7
2 1
2 7
8 10
7 1
6 9
4 10
3 18
5 11
6 2
8 6
0 9
8 2
2 12
0 11
3 3
0 17
7 14
4 7
4 13
8 2
4 5
5 17
3 0
1 2
3 9
0 15
1 0
8 4

7 20
3
1 0
5 14
0 8
41 5

3 23
8
0 11
0 3
1 6
0 0
0 11
1 2
0 6
0 14
39 4

22 19
125
8 15
12 14
19 11
15 1
6 9
8 10
19 3
20 17
16 11
2 0
18 13
6 11
8 0
18 4
20 9
20 14
14 14
17 12
20 0
10 10
3 16
17 15
11 13
14 0
4 6
1 16
10 3
13 5
6 16
6 11
6 11
11 11
14 17
9 11
14 14
16 7
12 3
16 12
5 16
7 0
20 9
8 2
13 2
4 13
7 14
2 4
11 11
10 8
16 14
14 7
13 0
0 5
0 14
6 17
20 5
12 13
18 10
4 4
18 2
9 10
14 5
16 1
20 6
7 4
0 9
20 13
10 4
16 11
12 13
12 11
11 6
8 11
1 0
19 10
19 16
1 15
16 14
15 15
18 5
7 3
18 10
9 4
2 13
14 13
4 5
3 6
6 9
2 8
1 13
4 9
3 15
9 10
18 1
11 10
0 4
11 1
19 8
3 9
2 15
11 7
20 7
19 10
1 10
12 8
16 14
20 13
16 4
18 1
8 9
6 10
2 3
5 9
15 12
19 9
1 1
19 10
2 11
2 6
14 0
4 6
4 10
7 5
6 5
10 16
9 14
23 1

19 9
1
6 5
25 1

22 25
25
4 3
13 12
17 12
19 13
13 14
18 21
20 22
19 15
15 22
5 0
14 20
14 9
1 12
5 3
3 7
18 16
11 23
13 2
14 21
3 13
11 17
2 10
1 18
18 7
5 11
14 5

20 15
19
14 0
5 8
10 6
8 10
18 5
3 7
1 10
8 8
2 8
3 2
15 13
14 2
18 0
2 0
11 5
1 5
16 9
7 0
14 2
1 3
