10

14 11
10
4 3
1 6
3 9
7 2
3 0
4 3
1 0
10 2
11 1
8 7
30 3

15 8
4
1 5
5 0
10 5
3 2
44 2

20 14
25
14 3
1 4
2 5
9 4
14 1
7 0
5 2
15 11
4 6
16 10
9 10
3 1
3 4
8 11
18 12
13 0
6 3
13 9
1 7
3 2
13 12
2 1
8 7
14 9
17 10
11 2

17 21
86
2 6
14 19
11 10
10 18
11 1
1 2
5 12
12 16
5 0
14 1
9 9
12 19
8 9
15 17
1 11
1 15
5 7
7 16
9 13
10 5
10 3
11 4
8 11
4 9
15 19
14 8
12 15
4 9
4 3
10 5
14 11
9 15
11 8
4 8
1 10
9 0
10 4
12 14
11 16
15 11
3 5
3 16
8 11
5 8
11 7
2 1
10 15
13 17
11 13
10 8
15 11
8 9
8 4
11 3
5 18
14 0
8 18
8 8
9 17
13 16
12 3
14 3
10 19
12 5
12 10
1 19
10 6
5 2
14 4
5 7
11 4
12 11
6 8
3 3
2 8
4 2
15 10
5 1
13 10
14 5
8 16
4 6
10 5
4 16
10 18
12 17
13 5

14 3
5
0 1
11 0
10 1
12 1
6 1
45 1

27 16
30
17 1
1 3
13 3
0 10
4 11
6 0
20 14
14 12
2 7
17 6
1 3
19 2
10 7
23 9
14 5
2 2
22 6
21 12
23 10
17 4
17 14
23 1
12 2
3 3
19 5
10 13
0 4
12 14
4 1
20 14
43 3

3 25
1
1 14
50 1

26 20
22
23 8
24 15
9 1
19 11
7 15
19 18
4 12
23 12
0 16
10 9
4 13
18 12
21 9
4 8
11 1
1 15
19 16
2 5
9 2
17 0
3 6
22 8
9 4

11 14
5
8 7
3 4
8 8
4 5
6 10
30 1

16 24
38
14 4
13 9
3 16
8 7
6 21
2 3
10 4
12 15
1 8
14 8
0 18
8 17
5 8
1 14
14 13
4 21
14 3
3 22
5 6
2 4
4 17
5 9
4 20
0 15
9 22
4 15
5 2
8 1
12 10
13 20
14 1
2 5
12 14
8 19
9 21
12 8
6 2
11 7
12 3
