4

45 37
45
41 6
15 13
8 35
39 32
43 4
17 36
37 3
32 23
37 34
29 1
8 33
21 36
38 26
18 0
15 28
4 0
7 29
28 11
24 27
7 11
44 13
14 3
1 20
34 35
8 10
26 3
16 18
43 14
19 8
13 34
33 32
29 4
33 20
28 33
32 15
2 5
20 32
3 36
17 23
18 16
37 6
24 29
29 12
9 24
28 0
30 10

8 42
70
0 32
7 19
1 11
6 30
4 27
1 8
4 8
5 34
7 22
4 41
1 17
1 16
6 27
6 38
0 6
7 24
6 20
1 8
3 33
1 41
0 12
1 30
2 10
2 1
6 15
6 41
7 28
4 32
3 3
3 5
5 9
1 19
4 35
4 16
3 28
6 24
6 29
0 2
7 37
4 24
1 41
3 14
5 27
6 31
4 20
0 25
3 19
4 28
1 24
1 3
6 9
4 34
6 39
2 6
3 21
3 12
5 11
0 12
6 22
5 41
5 14
6 33
2 29
4 10
1 17
1 36
6 40
7 12
6 17
1 6
100 1

14 26
71
0 1
3 17
6 10
10 2
2 23
11 8
10 6
2 10
5 22
5 15
5 3
13 3
9 0
12 22
7 13
6 6
4 19
8 25
10 20
11 8
13 0
1 13
12 10
7 5
9 2
11 9
10 8
8 18
3 10
0 5
1 7
9 14
6 11
5 21
2 6
3 1
10 10
7 14
11 19
6 1
8 11
0 8
13 17
1 12
0 25
2 11
5 0
4 6
11 13
8 3
1 4
7 5
5 18
10 11
7 11
0 2
6 17
7 18
5 1
5 19
12 25
5 5
0 9
9 14
8 17
12 15
2 7
2 3
1 1
12 18
11 8
70 1

48 48
104
40 41
36 2
7 24
31 33
4 31
38 47
31 19
17 40
5 2
3 22
18 36
32 15
7 44
9 9
43 15
23 19
34 18
2 34
6 40
31 17
6 23
13 45
18 26
27 8
26 8
36 13
5 22
11 21
10 12
37 3
33 0
23 7
1 44
39 36
4 47
24 46
40 15
36 39
19 6
27 15
42 45
21 21
6 37
0 7
3 3
24 30
43 47
22 16
27 19
0 47
9 36
5 1
23 36
23 22
4 35
24 18
24 10
47 44
0 25
4 32
16 17
37 2
7 47
17 22
32 20
19 16
4 20
34 21
16 8
17 34
24 12
2 5
2 24
33 20
12 7
29 23
21 20
2 5
17 25
7 21
31 6
9 5
6 28
39 8
26 30
5 24
42 34
30 20
14 33
36 24
8 47
19 39
2 12
27 1
38 14
29 39
34 26
6 29
36 15
10 14
11 38
20 15
21 3
41 7
80 10
