4

40 8
84
31 0
5 5
14 1
5 5
1 4
21 1
34 3
39 7
34 2
34 7
24 5
23 4
25 2
34 1
21 6
25 2
6 0
33 4
0 4
0 4
37 7
10 3
35 1
2 2
5 3
28 1
20 4
6 6
21 1
24 3
2 6
29 2
15 0
10 7
18 0
27 1
30 7
36 0
22 3
38 5
5 1
39 3
10 7
13 4
15 6
24 4
1 5
15 5
38 7
16 2
38 7
17 7
13 5
29 1
28 4
15 1
33 6
38 4
37 3
28 7
21 3
34 7
20 6
27 0
24 6
23 5
18 7
12 7
25 0
10 1
37 5
26 6
23 5
36 7
6 3
5 2
8 2
19 4
24 4
39 1
31 4
2 1
21 2
18 4
60 10

18 32
137
15 3
16 7
13 8
0 14
7 22
15 8
0 11
0 12
7 28
0 25
17 29
17 13
11 22
12 19
4 12
6 14
2 3
3 0
4 10
8 2
3 29
14 26
1 30
13 26
16 2
16 26
9 7
0 13
12 10
4 24
16 22
10 3
12 6
17 0
1 25
1 1
13 4
3 23
3 12
6 9
16 23
12 17
6 14
16 15
17 6
11 26
0 9
9 6
2 11
10 19
4 2
9 7
10 7
4 22
2 27
15 26
11 25
14 23
9 4
0 2
6 29
7 5
10 28
0 7
12 20
10 15
3 8
16 30
2 18
7 1
9 4
6 5
17 0
16 6
6 22
14 8
14 20
10 0
12 1
15 10
12 7
5 13
2 31
16 21
14 4
13 18
4 12
9 19
17 19
7 2
12 25
5 5
2 19
2 0
3 20
3 21
4 8
13 30
12 29
15 30
12 0
7 21
11 12
14 15
2 27
9 6
0 13
5 12
7 11
16 30
11 20
2 15
5 13
11 18
15 29
3 23
8 2
14 25
8 25
14 16
16 7
6 25
4 27
0 0
5 2
7 25
11 31
14 8
15 17
9 3
1 10
7 24
1 26
5 30
11 22
11 24
12 19
40 2

5 23
160
3 13
4 2
4 18
4 8
0 11
1 17
4 14
2 17
1 11
3 4
3 15
2 17
2 21
3 4
2 11
3 8
4 7
1 2
2 21
1 8
2 22
3 21
2 8
2 14
2 18
3 16
2 20
0 3
4 7
3 9
4 10
3 2
4 18
1 13
4 17
2 14
0 10
0 5
2 10
0 22
3 10
1 10
1 8
4 8
0 14
4 18
3 2
4 18
3 5
3 4
2 16
1 22
4 12
3 9
4 18
2 0
0 0
1 22
1 15
0 7
4 11
3 19
3 19
4 3
2 3
2 22
1 0
3 11
3 19
4 18
1 21
4 7
1 12
3 18
0 7
2 19
2 11
3 9
0 0
3 6
4 12
1 0
1 1
2 19
0 17
2 16
3 9
2 20
2 3
3 7
4 19
2 20
1 11
0 12
3 11
4 15
4 21
3 5
0 19
2 22
3 8
4 20
2 18
2 15
2 21
0 8
1 1
0 15
3 9
1 19
2 22
3 5
0 18
2 7
0 0
4 3
3 16
3 6
0 17
0 8
1 16
3 17
0 9
2 8
1 18
0 18
0 21
0 15
2 6
3 22
0 19
1 20
4 8
2 8
2 14
0 6
0 15
3 6
0 17
3 18
2 7
1 12
2 6
1 22
1 4
4 10
0 11
0 11
3 1
1 4
1 15
0 14
2 15
0 14
0 6
1 9
0 18
4 17
1 6
2 10
50 10

3 28
50
0 11
2 27
0 5
0 13
1 3
2 21
0 24
0 11
0 20
1 21
0 7
2 16
0 8
2 27
2 1
0 17
1 7
0 26
2 22
1 20
1 13
0 7
0 25
0 17
2 26
2 23
0 17
1 5
1 21
0 20
0 15
1 4
2 19
2 23
0 20
2 7
2 20
0 10
2 24
0 2
0 20
0 19
0 1
2 11
2 5
2 20
2 0
0 23
2 18
2 0
30 2
