5

36 8
122
9 2
16 0
11 6
11 7
19 1
25 2
3 0
24 7
26 2
33 5
28 2
35 3
17 5
16 5
0 1
22 6
29 1
13 7
29 0
21 1
26 3
25 7
15 5
26 6
31 3
3 3
17 4
10 7
17 7
30 4
20 4
25 1
20 6
0 1
28 1
14 4
8 2
18 4
27 3
22 3
33 1
16 2
14 4
29 4
34 4
12 4
22 6
4 5
24 5
28 5
32 7
1 3
27 4
27 3
24 2
32 4
16 2
23 5
6 0
8 4
0 3
24 0
19 5
1 0
25 2
6 3
9 0
5 1
24 6
10 4
20 7
29 1
5 0
19 0
13 2
26 4
10 1
22 4
8 2
9 3
28 7
19 3
8 1
27 0
10 4
12 5
27 6
34 4
33 3
29 4
20 1
4 7
17 3
10 2
18 6
35 4
16 0
27 6
7 7
9 1
19 6
2 5
33 5
30 3
5 6
6 1
2 5
1 2
3 6
25 0
25 3
20 1
8 7
23 0
30 5
34 4
0 0
4 7
34 0
34 2
4 7
20 6
50 2

33 33
144
31 22
18 14
9 23
10 6
32 4
29 15
3 25
5 5
26 23
15 25
2 32
18 28
15 20
26 0
25 9
1 18
13 28
3 26
13 23
16 25
5 32
23 23
3 0
18 17
19 24
29 23
19 9
27 1
13 15
32 13
25 18
8 20
15 1
25 21
23 5
13 31
25 23
6 13
23 22
4 24
12 9
25 27
8 23
27 11
1 25
22 29
15 24
20 26
4 26
23 7
30 28
26 23
12 22
10 25
13 28
22 4
8 12
0 24
20 13
9 28
0 32
26 17
28 5
29 29
5 8
22 31
21 25
13 15
2 19
4 26
9 13
19 7
24 24
14 15
7 9
3 30
25 28
24 22
10 3
25 21
18 6
27 20
29 14
14 4
31 29
21 29
23 25
12 31
16 10
26 28
14 9
29 31
32 4
11 26
9 26
6 13
6 12
29 21
25 24
3 4
27 32
27 29
29 11
5 15
29 12
0 28
3 8
21 0
19 26
4 17
2 27
7 27
27 4
7 22
13 15
12 27
7 3
3 0
32 22
22 32
8 15
15 9
24 29
22 30
24 0
25 29
32 16
2 1
3 6
20 17
5 24
8 4
18 27
28 16
11 11
14 3
32 9
23 28
21 32
29 11
10 30
28 29
25 26
10 29
0 10

50 7
71
8 6
17 5
36 2
2 0
39 0
4 1
42 3
19 5
42 1
29 2
11 6
13 2
18 3
29 6
41 3
48 4
25 2
19 5
12 6
47 4
20 5
35 4
2 6
11 1
7 2
47 6
17 4
27 1
41 5
19 4
38 4
35 3
26 3
1 4
38 1
1 0
5 5
3 1
10 5
49 5
41 3
7 4
29 1
14 3
12 1
39 4
8 1
46 6
7 4
31 6
6 6
9 0
46 0
41 6
7 1
26 3
17 0
7 0
32 3
31 1
6 5
36 3
45 4
15 1
38 4
49 5
7 3
1 4
48 4
33 0
20 0
20 10

10 29
25
4 13
4 2
8 5
8 7
2 13
3 27
1 24
5 12
0 17
3 22
6 15
5 26
1 17
1 5
0 16
8 16
8 6
8 17
6 26
1 9
1 15
2 26
2 25
3 7
0 10
40 2

8 30
110
4 20
1 25
3 11
3 14
1 10
4 13
6 1
7 26
5 12
6 17
1 22
3 12
1 24
5 11
7 11
3 10
3 23
2 23
4 11
6 17
2 16
7 1
2 29
7 22
4 8
1 15
5 6
2 8
5 21
0 27
2 8
4 2
4 15
2 10
6 13
6 26
6 5
0 3
2 14
4 15
6 6
5 20
4 3
4 25
2 29
5 15
3 12
7 22
7 22
6 19
7 26
2 15
5 23
6 9
2 17
7 28
7 1
7 22
0 25
0 14
0 24
2 1
5 25
2 7
2 7
5 0
4 26
7 0
3 28
3 26
4 13
7 19
1 28
5 25
5 23
6 29
0 15
6 10
7 13
1 14
6 25
5 17
3 29
5 16
4 20
7 12
0 23
2 13
6 2
0 14
3 28
7 27
1 2
3 29
0 12
7 26
6 2
1 12
3 15
5 10
1 26
2 23
4 13
2 27
5 1
3 12
7 17
6 9
4 26
4 13
80 1
