3

87 84
78
17 19
58 31
18 72
17 73
71 19
86 67
30 70
73 78
65 16
72 56
68 9
5 26
16 55
56 19
12 42
62 54
25 51
37 28
54 58
24 81
77 35
83 73
62 44
86 78
67 82
32 8
80 9
49 74
60 73
47 69
62 75
85 5
40 81
36 77
81 3
38 45
68 51
84 56
1 14
84 24
59 14
21 60
50 23
54 43
80 60
1 0
13 64
48 6
27 35
53 70
41 70
86 33
15 62
67 0
64 8
68 44
78 13
73 41
64 71
57 45
39 25
18 11
51 47
3 19
47 52
84 33
37 77
17 71
64 68
53 3
45 53
69 11
37 24
70 59
81 9
65 11
83 61
70 75
3 1

80 56
89
68 44
30 41
60 49
4 26
34 4
16 3
11 7
45 3
16 3
71 16
28 21
47 51
41 26
75 42
37 21
33 43
28 10
51 47
9 32
4 48
3 11
58 13
40 14
18 32
48 0
77 41
36 53
63 28
23 6
59 42
5 52
70 20
59 25
26 50
2 53
64 46
67 5
4 35
51 4
68 22
63 27
48 50
62 12
50 15
41 21
50 29
25 14
16 8
66 44
25 10
56 12
58 2
37 28
24 22
36 16
59 4
30 19
71 52
11 45
50 33
54 53
3 52
61 39
36 19
13 31
68 21
55 54
66 46
60 44
4 26
22 24
67 32
76 53
18 43
52 7
12 36
9 35
10 40
67 22
21 14
12 41
55 25
39 27
64 33
51 51
67 4
68 17
30 15
18 32
3 1

25 21
23
21 14
5 16
17 8
22 18
0 17
22 9
15 16
23 2
23 14
24 2
9 11
19 18
7 4
19 13
4 1
23 5
0 8
10 16
4 19
18 10
21 4
4 16
11 19
3 1
