3

7 19
28
6 10
5 17
5 1
1 14
0 7
4 15
6 16
3 12
5 11
0 7
2 14
2 17
1 8
4 3
4 15
1 17
1 14
5 10
4 10
2 12
6 7
6 11
5 9
3 18
5 0
6 7
5 13
0 7
20 5

10 15
50
0 6
5 11
3 6
7 12
3 7
9 5
0 2
5 12
8 10
3 13
1 13
0 10
0 13
0 3
5 3
1 6
5 12
8 14
1 0
5 12
7 14
6 14
4 3
0 8
2 9
7 8
8 10
5 7
3 8
9 2
5 3
7 5
9 10
1 2
4 0
6 3
2 2
0 14
8 13
3 10
5 7
9 0
8 13
4 9
3 11
1 10
5 3
9 13
7 12
9 2
21 3

12 13
50
8 2
6 12
1 3
11 2
7 6
11 8
7 8
4 12
10 12
11 0
8 10
8 8
7 5
8 9
9 2
4 1
11 3
4 11
1 8
5 12
9 8
9 2
9 2
6 8
4 2
10 0
5 7
1 4
3 0
0 11
2 2
10 10
3 4
7 5
2 11
9 2
5 0
11 12
4 10
2 5
2 7
10 5
3 5
4 4
1 0
2 10
1 4
9 1
11 8
4 9
9 3