3

10 10
50
1 3
4 5
9 0
5 3
0 0
3 0
9 4
1 6
7 0
3 9
2 4
7 6
0 6
1 1
1 2
2 3
0 0
7 4
4 3
1 9
3 3
4 2
6 9
9 6
1 5
7 5
4 1
5 3
0 2
3 1
7 3
0 1
6 8
2 3
2 8
3 3
0 3
1 1
4 4
9 4
7 2
2 4
9 7
4 4
2 0
0 2
9 8
4 7
0 8
7 9
100 10

12 12
100
0 2
8 2
1 7
5 1
2 10
10 0
5 6
5 0
4 10
9 7
5 9
6 2
2 3
5 9
9 8
10 7
5 9
11 9
5 0
11 9
10 11
8 4
6 10
9 2
3 11
10 3
5 10
10 10
6 9
7 4
4 1
2 1
5 2
2 0
8 2
11 5
6 5
9 0
0 11
8 8
1 2
6 2
0 8
4 8
6 11
0 3
6 6
4 5
11 5
0 3
7 2
11 4
6 7
4 2
8 8
1 4
0 6
7 6
9 0
2 5
3 6
2 1
6 1
2 10
5 9
10 6
11 4
4 3
10 11
0 0
10 11
6 2
6 11
10 8
0 10
6 3
8 7
1 4
11 7
1 0
0 10
6 4
11 4
9 0
5 3
7 5
7 2
0 7
5 0
2 9
7 6
9 9
4 3
11 11
1 2
8 2
4 4
1 4
7 8
5 8
100 10

15 15
200
4 11
14 4
7 8
2 12
2 8
6 2
3 6
13 0
6 4
8 1
0 10
5 6
11 10
12 11
4 9
7 7
9 3
5 10
9 5
11 5
3 5
9 0
1 4
6 7
14 4
14 8
13 11
5 10
7 9
2 11
14 10
3 12
10 5
14 5
13 4
12 8
14 1
5 2
2 4
13 9
7 9
14 0
13 3
12 12
2 8
4 11
6 7
6 14
10 7
11 1
7 11
2 3
6 13
2 13
13 4
9 8
8 9
4 14
10 12
8 12
0 3
8 14
3 7
10 1
7 6
8 3
6 7
0 10
2 1
10 6
9 5
3 13
0 6
8 9
5 13
4 8
10 5
10 12
1 11
4 12
14 11
0 4
13 14
9 7
8 10
11 8
6 13
9 6
7 14
5 0
2 6
8 14
9 14
6 13
0 7
1 11
0 2
2 0
0 10
4 5
10 3
1 2
10 11
1 7
6 11
9 3
1 8
0 7
0 8
1 9
14 4
4 6
8 13
10 5
3 10
5 6
3 8
2 12
7 8
5 6
5 11
2 6
11 14
6 14
9 11
12 8
4 10
13 2
12 3
0 7
10 4
0 6
6 6
7 6
8 7
9 4
6 2
1 12
5 8
9 11
5 4
6 12
11 2
7 10
2 13
3 1
1 5
12 8
9 7
8 7
1 1
4 12
0 12
6 4
7 11
13 10
8 0
5 12
1 13
11 9
13 6
4 9
8 7
10 3
2 7
0 6
9 5
10 11
12 0
14 12
2 12
10 0
1 4
1 4
11 2
7 3
0 13
14 7
3 12
0 7
12 2
0 13
13 3
2 0
14 12
9 7
6 11
4 14
13 6
6 2
5 8
6 11
3 7
14 9
4 7
5 2
5 1
13 12
4 3
2 13
100 10
