15 

41 30
4
24 19
24 13
39 29
19 3
30 5 

39 15
30
36 10
0 4
8 6
14 8
19 10
16 8
38 14
10 6
0 0
21 6
3 2
27 12
17 12
21 11
17 0
8 0
20 9
29 10
38 10
7 0
29 4
21 7
4 1
0 12
31 10
12 14
19 2
10 6
4 11
2 6
50 10 

30 27
46
25 14
8 17
24 6
3 21
1 22
15 17
4 10
5 23
8 8
5 7
24 25
16 20
28 6
28 18
26 16
27 3
4 17
6 14
23 23
23 5
0 19
21 13
28 11
12 22
19 21
11 26
12 24
7 7
21 23
12 20
1 10
23 19
3 1
20 3
9 14
2 6
3 11
8 25
20 23
13 19
7 26
26 26
21 17
3 2
15 3
17 13
60 12 

5 3
34
4 0
0 0
1 0
0 2
1 2
1 0
0 2
1 1
3 2
2 0
4 2
0 2
3 0
1 1
4 2
1 2
2 0
4 2
3 1
0 2
0 2
0 0
0 2
2 2
0 0
2 0
3 2
4 2
3 0
2 0
0 2
0 2
4 1
3 2
30 5 

43 11
22
24 7
34 9
0 6
13 8
26 8
35 8
34 7
2 10
12 7
12 3
31 4
41 4
37 10
27 8
38 0
34 6
17 8
20 2
41 1
9 2
27 0
9 7
10 1 

42 7
16
6 6
23 2
18 0
6 0
4 1
12 4
12 4
21 6
34 2
33 2
2 5
31 2
34 3
30 3
21 4
36 0
10 1 

4 42
7
0 39
1 24
1 26
2 35
1 14
1 1
0 26
30 5 

16 5
37
14 2
2 2
12 3
13 2
13 1
2 3
1 1
9 1
3 2
15 3
2 3
5 3
7 3
14 2
12 2
13 3
3 3
6 2
3 0
10 2
10 1
2 1
5 4
5 1
14 4
12 3
14 1
0 1
13 2
2 4
14 4
7 0
14 3
0 1
6 4
15 2
8 3
10 1 

49 4
21
25 0
32 1
16 3
31 1
1 3
48 2
13 2
5 3
45 3
11 0
48 0
7 1
33 1
33 1
7 3
25 0
34 0
0 2
22 0
26 3
16 1
60 12 

30 45
24
26 0
16 28
18 5
9 17
4 40
8 43
12 1
16 39
14 0
14 41
19 38
27 18
8 40
18 37
26 9
5 29
28 15
7 38
19 1
11 26
11 13
22 12
20 16
12 16
30 5 

7 27
47
3 19
4 21
0 22
6 26
3 10
3 20
3 18
4 15
1 4
2 24
0 2
2 1
1 14
1 18
6 12
0 2
3 0
6 17
3 1
1 18
2 6
4 19
6 6
1 6
1 16
6 24
0 26
3 9
0 25
2 21
5 0
4 16
1 0
2 24
3 11
5 11
3 19
5 19
2 16
2 23
6 18
2 8
5 14
3 8
2 20
2 7
5 25
30 5 

35 23
18
13 4
29 14
12 6
11 21
29 21
6 15
15 11
34 5
21 22
32 6
25 11
14 16
23 15
2 11
1 12
7 12
14 13
4 15
10 1 

4 29
26
1 0
0 20
2 5
2 2
2 14
2 15
1 26
1 16
3 23
2 4
3 2
1 11
2 20
2 12
1 4
3 17
1 23
1 25
1 13
3 7
3 11
1 11
2 23
1 28
2 10
1 20
50 10 

12 40
5
8 6
1 11
11 15
2 0
9 4
100 25 

34 39
36
19 18
28 16
15 17
3 9
0 18
16 3
29 18
22 30
2 27
16 16
26 5
17 2
21 4
11 22
3 0
23 7
11 32
21 7
23 11
29 11
2 27
16 26
26 15
6 34
33 2
29 4
26 13
33 34
29 3
24 34
22 28
2 6
4 4
33 7
22 22
15 1
60 12 