15 

41 15
18
24 14
8 7
25 4
25 9
9 12
38 3
31 9
32 0
26 5
5 3
24 10
16 5
34 0
13 10
9 12
24 0
32 4
16 14
30 5 

18 23
36
2 1
14 10
0 14
4 1
6 20
13 10
2 17
9 4
2 4
15 2
16 11
4 12
6 5
15 21
17 6
8 12
7 9
6 20
6 9
10 20
13 2
15 17
1 16
2 10
2 6
2 10
13 5
3 1
8 14
6 7
15 10
15 2
2 0
5 21
0 4
11 22
50 10 

36 10
13
13 3
20 3
26 4
7 3
0 6
17 1
8 1
2 5
33 3
22 4
9 6
7 7
7 4
50 10 

34 42
11
24 36
4 7
9 13
1 11
16 4
10 3
10 41
0 20
27 30
29 29
13 23
10 1 

4 16
44
2 6
3 10
0 1
1 8
2 10
2 4
1 11
0 4
2 0
3 15
2 7
0 11
0 11
1 8
0 12
3 8
3 10
1 13
2 15
1 3
3 8
0 9
0 3
2 11
0 9
0 14
0 10
0 8
1 11
2 10
3 8
0 15
2 11
1 12
0 9
2 13
2 4
0 3
3 9
2 9
2 15
1 11
2 11
3 6
30 5 

10 48
40
0 38
8 19
8 23
5 40
2 39
6 0
0 34
1 36
6 38
6 25
1 8
6 19
4 45
8 4
4 43
7 31
4 20
9 18
4 28
8 29
6 13
6 2
5 34
2 26
6 39
3 40
0 19
3 44
6 34
3 26
6 34
4 33
2 33
7 24
0 14
8 38
4 4
5 26
3 17
1 15
60 12 

44 7
8
23 4
17 5
39 5
20 4
7 3
12 0
13 3
31 1
10 1 

11 9
29
5 0
3 5
5 5
3 3
0 5
1 7
8 5
4 4
0 4
9 5
9 3
2 8
7 8
5 7
10 6
7 4
1 7
5 7
7 5
5 3
5 5
5 7
3 5
5 6
3 7
3 1
2 6
6 1
8 2
100 25 

40 12
40
3 9
22 5
23 5
4 2
39 9
13 3
29 9
38 8
32 3
28 2
38 0
26 7
18 2
30 9
11 3
23 3
30 8
34 0
4 2
34 2
0 9
33 5
9 4
9 8
2 7
14 1
35 1
24 0
26 1
31 6
33 5
32 6
31 6
37 10
37 6
4 3
3 0
16 3
37 9
14 5
50 10 

18 26
5
0 18
0 10
2 15
0 4
16 14
100 25 

35 10
3
1 5
13 3
2 6
30 5 

48 5
14
15 4
11 2
4 2
15 4
14 0
10 3
17 4
12 4
42 1
5 0
36 0
11 3
5 3
5 2
50 10 

6 7
43
1 2
4 0
4 6
1 2
5 0
1 4
0 3
4 4
4 1
1 4
5 4
2 4
3 6
3 1
0 1
3 5
0 6
0 4
5 0
4 3
3 1
1 2
2 5
1 1
1 1
0 0
1 3
0 3
0 6
4 0
5 1
2 3
5 5
2 4
3 1
1 5
4 6
5 4
4 1
2 6
1 5
1 6
2 2
100 25 

9 39
23
8 0
5 30
3 2
8 16
6 2
0 1
7 30
6 18
0 30
2 29
6 36
2 8
8 6
6 34
4 7
8 9
2 35
1 11
2 28
8 21
0 1
3 36
0 6
10 1 

4 29
22
1 13
0 10
3 0
2 11
1 19
0 12
2 22
3 19
2 1
0 20
0 18
3 27
2 1
0 20
0 23
0 6
0 5
1 2
0 12
2 10
2 6
2 16
30 5 