14

48 42
34
20 27
25 7
4 32
43 20
20 36
21 7
42 29
24 40
0 4
0 21
37 32
12 29
1 28
8 37
15 14
25 17
13 26
7 14
24 8
30 6
17 33
21 19
31 34
35 17
5 28
16 34
4 19
2 16
47 23
21 26
11 16
42 18
38 16
13 37
30 5 

43 42
6
14 0
5 40
22 32
31 9
17 18
31 39
100 25 

16 10
34
6 2
14 9
14 2
10 8
7 1
4 4
4 4
8 1
3 1
11 8
15 5
3 1
15 0
1 9
13 4
9 4
0 3
1 0
11 6
11 0
6 8
5 7
3 7
6 6
13 5
10 8
15 0
10 0
15 1
6 4
3 4
6 0
5 6
15 9
100 25 

11 5
11
4 1
6 0
2 4
6 0
10 4
1 2
0 3
7 1
5 0
4 0
5 1
30 5 

25 32
38
0 19
5 1
11 23
8 30
4 5
17 24
6 14
17 13
5 27
13 7
7 1
10 6
10 31
4 5
23 1
11 6
24 0
17 3
21 12
20 23
12 7
22 26
15 19
4 22
21 14
5 23
6 11
8 13
11 19
17 5
16 20
7 14
14 20
8 17
10 31
16 6
2 23
1 12
60 12 

18 22
37
8 14
6 8
17 11
12 14
16 2
10 2
9 14
7 14
10 8
10 1
5 6
0 18
11 21
13 1
14 3
2 21
12 15
4 0
12 10
7 0
16 14
12 13
3 16
11 15
12 9
11 17
3 20
9 17
7 2
13 20
17 10
13 0
3 0
13 18
17 19
2 8
0 20
10 1 

5 22
46
3 2
0 11
2 10
0 2
4 3
4 20
0 21
2 16
1 18
0 13
0 4
1 12
2 1
4 2
0 13
4 3
0 10
1 8
4 8
2 9
4 8
4 0
3 12
0 19
3 9
3 17
3 21
1 18
4 15
3 14
3 9
2 7
2 11
0 18
1 14
1 10
3 14
2 19
4 21
0 19
1 7
3 1
0 13
0 11
0 9
0 6
10 1 

41 39
29
11 21
14 34
14 18
32 5
22 34
13 1
14 14
21 35
24 32
21 6
15 35
30 22
9 18
19 14
30 10
37 2
16 36
7 18
27 10
11 29
31 30
39 34
13 32
35 30
34 1
9 29
21 17
6 19
8 23
100 25 

22 14
29
18 3
12 3
7 12
17 11
17 8
8 3
16 1
17 10
20 3
10 8
2 10
11 11
12 8
13 2
13 4
1 0
2 11
3 11
3 1
3 9
19 4
18 2
19 1
8 5
18 2
3 11
5 2
20 2
12 12
30 5 

26 24
28
5 1
24 5
18 8
10 8
10 10
11 19
9 20
9 21
24 1
8 14
0 3
11 5
23 22
21 17
20 19
21 18
14 9
20 1
13 22
8 3
16 13
7 13
12 18
13 18
1 8
8 20
15 13
7 2
50 10 

19 13
38
16 1
18 1
9 1
1 9
10 5
11 7
5 2
17 3
1 1
1 5
11 8
13 0
7 11
2 11
15 8
14 5
5 0
6 3
16 8
11 8
11 5
1 7
13 7
18 1
18 9
13 1
11 5
12 2
12 0
4 8
18 3
9 2
9 6
16 4
18 1
18 6
16 4
16 11
10 1 

35 13
25
14 10
19 3
7 2
17 8
34 4
24 6
9 9
4 2
15 4
4 6
18 0
17 9
8 10
13 3
32 12
7 11
19 3
7 12
13 10
4 9
2 0
26 4
31 5
2 2
27 4
10 1 

30 50
37
29 20
19 29
2 19
8 38
15 49
15 25
18 6
23 39
7 30
3 2
0 24
15 10
16 28
13 3
6 46
0 25
9 13
19 14
12 22
3 45
20 43
18 5
2 33
24 13
25 26
8 49
10 35
29 48
0 1
16 25
5 25
20 49
21 45
1 19
20 31
11 24
20 16
10 1 

11 20
27
9 9
4 5
6 17
3 3
2 9
6 1
10 12
0 11
1 10
4 19
6 17
8 7
8 10
4 6
5 3
2 3
5 1
3 15
5 19
5 13
7 18
3 12
1 9
9 18
3 6
10 14
5 17
30 5 