13

73 95
26
7 12
1 88
36 66
15 80
40 32
65 10
13 87
9 51
5 67
62 93
64 21
51 88
49 72
0 90
10 23
61 24
64 44
15 7
29 57
46 55
60 83
29 42
62 50
4 11
36 5
16 65
38 11

16 12
1
7 4
85 34

52 85
3
30 6
49 5
1 18
58 7

47 30
46
43 6
16 24
46 19
46 16
15 17
41 11
0 9
35 26
16 22
4 19
35 14
2 0
17 4
45 10
41 10
30 23
1 0
0 3
41 0
42 20
37 24
25 18
16 28
46 11
15 18
38 13
21 26
35 7
27 24
12 29
2 5
39 26
32 21
35 8
34 19
43 27
6 26
26 21
39 4
27 4
23 15
37 0
38 14
6 21
13 5
3 3
57 7

100 29
4
31 3
28 3
81 12
21 13
21 7

17 21
86
2 6
14 19
11 10
10 18
11 1
1 2
5 12
12 16
5 0
14 1
9 9
12 19
8 9
15 17
1 11
1 15
5 7
7 16
9 13
10 5
10 3
11 4
8 11
4 9
15 19
14 8
12 15
4 9
4 3
10 5
14 11
9 15
11 8
4 8
1 10
9 0
10 4
12 14
11 16
15 11
3 5
3 16
8 11
5 8
11 7
2 1
10 15
13 17
11 13
10 8
15 11
8 9
8 4
11 3
5 18
14 0
8 18
8 8
9 17
13 16
12 3
14 3
10 19
12 5
12 10
1 19
10 6
5 2
14 4
5 7
11 4
12 11
6 8
3 3
2 8
4 2
15 10
5 1
13 10
14 5
8 16
4 6
10 5
4 16
10 18
12 17
13 5

14 3
5
0 1
11 0
10 1
12 1
6 1
45 1

27 16
30
17 1
1 3
13 3
0 10
4 11
6 0
20 14
14 12
2 7
17 6
1 3
19 2
10 7
23 9
14 5
2 2
22 6
21 12
23 10
17 4
17 14
23 1
12 2
3 3
19 5
10 13
0 4
12 14
4 1
20 14
43 3

3 25
1
1 14
50 1

26 20
22
23 8
24 15
9 1
19 11
7 15
19 18
4 12
23 12
0 16
10 9
4 13
18 12
21 9
4 8
11 1
1 15
19 16
2 5
9 2
17 0
3 6
22 8
9 4

11 14
5
8 7
3 4
8 8
4 5
6 10
30 1

85 94
38
57 82
37 13
41 93
76 78
58 19
12 54
51 19
44 38
15 45
58 86
84 31
19 72
66 60
11 63
75 61
23 39
9 79
75 8
67 11
47 61
37 32
44 75
44 18
9 65
67 90
67 27
63 80
4 53
81 65
48 55
65 12
83 27
43 25
19 68
0 88
8 12
11 54
17 92
70 29

81 19
17
20 6
3 9
57 3
46 13
41 11
31 2
34 0
59 6
52 2
35 3
12 7
68 11
39 2
37 12
46 1
60 13
49 1
98 36