10

73 95
26
7 12
1 88
36 66
15 80
40 32
65 10
13 87
9 51
5 67
62 93
64 21
51 88
49 72
0 90
10 23
61 24
64 44
15 7
29 57
46 55
60 83
29 42
62 50
4 11
36 5
16 65
38 11

16 12
1
7 4
85 34

52 85
3
30 6
49 5
1 18
58 7

47 30
46
43 6
16 24
46 19
46 16
15 17
41 11
0 9
35 26
16 22
4 19
35 14
2 0
17 4
45 10
41 10
30 23
1 0
0 3
41 0
42 20
37 24
25 18
16 28
46 11
15 18
38 13
21 26
35 7
27 24
12 29
2 5
39 26
32 21
35 8
34 19
43 27
6 26
26 21
39 4
27 4
23 15
37 0
38 14
6 21
13 5
3 3
57 7

100 29
4
31 3
28 3
81 12
21 13
21 7

71 67
36
27 12
21 30
70 50
10 65
51 42
5 19
2 0
64 47
2 16
8 33
31 63
56 32
38 28
4 60
65 6
60 13
50 59
29 20
26 21
46 66
55 28
43 58
6 24
34 44
4 50
61 55
32 52
35 20
66 4
27 24
23 7
0 38
28 65
7 5
2 23
20 18
13 3

95 57
42
57 49
14 44
29 0
40 11
0 3
10 40
35 9
7 4
86 2
87 28
28 31
71 30
46 56
31 28
2 34
69 40
73 45
82 53
57 18
44 49
4 50
32 54
45 41
47 22
50 48
66 52
7 48
48 12
27 18
52 1
9 52
92 34
0 35
12 47
44 16
36 31
42 32
92 3
65 7
47 1
65 41
49 33
90 20

15 92
40
6 21
9 14
8 30
12 65
9 11
3 61
5 39
0 67
8 73
5 85
8 74
10 61
3 87
13 5
13 70
3 0
1 42
6 32
8 13
2 42
9 84
6 2
12 13
6 56
5 40
9 38
6 90
10 10
1 10
2 19
13 36
7 79
2 13
2 14
3 37
3 82
8 21
0 68
6 42
3 22
90 23

85 94
38
57 82
37 13
41 93
76 78
58 19
12 54
51 19
44 38
15 45
58 86
84 31
19 72
66 60
11 63
75 61
23 39
9 79
75 8
67 11
47 61
37 32
44 75
44 18
9 65
67 90
67 27
63 80
4 53
81 65
48 55
65 12
83 27
43 25
19 68
0 88
8 12
11 54
17 92
70 29

81 19
17
20 6
3 9
57 3
46 13
41 11
31 2
34 0
59 6
52 2
35 3
12 7
68 11
39 2
37 12
46 1
60 13
49 1
98 36