5

16 13
13
10 4
1 2
7 8
0 12
11 6
3 0
14 12
13 10
10 7
2 2
3 6
6 9
6 9
92 40

15 19
23
7 16
2 6
7 0
4 5
1 2
1 5
4 10
12 2
2 1
12 4
2 11
13 13
8 3
1 4
10 15
5 10
7 1
0 4
7 11
1 13
11 6
7 13
9 2
16 10

16 19
45
15 16
12 3
10 0
14 16
13 15
15 3
11 5
14 14
13 9
9 7
10 4
10 11
11 0
11 2
14 12
10 14
14 0
5 16
10 0
11 14
1 14
3 3
8 17
3 7
6 0
14 4
2 1
4 5
8 5
2 18
4 16
0 0
7 10
3 9
14 11
1 5
6 2
4 0
5 16
8 15
12 18
15 14
13 8
2 15
15 6
98 40

14 12
51
2 1
2 3
9 0
1 4
5 0
7 7
0 4
4 9
5 10
0 1
3 7
3 11
10 7
0 0
5 6
7 4
1 6
11 10
10 10
13 6
10 2
9 0
6 4
6 5
2 3
2 5
4 10
4 4
0 3
1 9
3 9
4 1
2 0
10 8
8 7
12 7
0 4
9 4
11 11
9 10
2 5
6 10
9 7
13 6
7 2
1 10
9 5
1 0
3 4
7 9
7 0
74 30

12 15
20
1 9
8 0
0 2
5 0
6 8
4 7
11 10
7 14
8 2
6 6
4 2
4 0
6 13
1 9
5 12
4 9
4 14
0 8
9 2
1 14
13 10
