5

12 14
20
6 11
4 2
1 12
3 9
0 5
7 9
0 9
5 8
2 9
11 2
2 5
3 8
9 1
2 4
3 12
8 0
9 13
5 9
11 10
1 2
98 40

14 18
28
6 2
12 14
6 9
2 5
1 3
3 11
7 2
9 13
3 1
2 6
9 8
4 8
13 1
8 7
11 7
4 7
5 16
10 7
5 12
8 12
9 9
11 14
0 1
12 9
9 1
12 8
1 14
3 10
97 40

13 10
45
5 3
4 0
3 8
5 2
12 3
0 0
3 1
12 6
1 9
10 9
10 6
4 7
11 9
1 3
1 1
9 6
2 5
9 8
5 0
11 8
0 6
10 3
7 0
2 1
4 9
0 7
7 5
0 4
4 0
11 1
7 4
10 8
11 4
6 9
4 2
5 3
8 7
1 4
12 5
2 4
8 6
1 1
10 2
1 5
1 7
40 20

12 13
46
1 3
2 4
4 4
4 8
11 10
7 1
11 7
3 11
5 6
9 2
1 8
6 12
4 10
9 12
11 6
1 3
1 9
6 0
1 12
6 11
8 1
8 9
2 12
0 4
0 0
3 9
11 12
2 8
10 2
7 4
11 11
0 7
10 0
9 6
5 1
11 11
0 7
2 9
3 8
8 9
11 6
1 7
9 6
6 3
6 7
8 3
38 20

19 17
21
16 12
13 12
16 13
13 6
0 5
10 6
16 4
13 11
13 2
12 11
16 14
1 14
16 10
0 0
10 5
9 3
6 5
10 10
10 10
13 3
11 8
56 30
