5

18 10
52
6 3
6 8
4 5
17 2
0 8
15 2
15 7
5 0
16 2
12 6
7 4
5 5
15 2
13 4
7 5
9 4
15 2
0 9
6 4
14 4
1 0
14 4
4 2
15 3
9 5
12 9
14 9
10 7
2 7
1 8
0 9
2 4
2 4
4 5
0 7
5 5
11 8
3 2
10 9
15 9
8 5
17 1
12 1
16 4
5 4
0 8
7 9
6 0
9 3
13 5
4 6
17 9
56 30

13 15
58
9 7
3 6
12 14
1 14
6 0
5 0
0 7
12 0
10 13
9 13
1 8
12 1
0 2
1 2
0 4
10 4
7 2
4 6
11 6
2 12
4 1
0 14
10 3
3 0
3 5
0 3
4 2
0 14
2 5
11 3
10 6
0 5
0 1
2 11
7 4
6 1
2 1
7 5
9 3
11 4
4 2
3 13
8 11
9 10
4 6
12 13
4 14
11 0
12 1
3 12
3 13
5 10
7 7
1 0
12 4
0 9
4 4
5 10
15 10

11 11
37
3 2
0 4
2 5
0 10
2 6
1 3
0 5
2 7
4 4
4 4
3 4
2 1
6 7
8 4
10 2
8 10
9 9
7 1
7 8
6 4
9 5
4 3
6 7
1 8
0 7
7 0
3 5
6 6
6 3
3 8
8 10
6 8
6 3
1 6
2 7
7 8
4 5
25 20

18 13
57
9 7
2 12
5 4
15 7
5 0
11 8
15 2
4 8
12 7
8 3
14 6
7 5
5 1
8 5
10 5
7 12
15 3
15 6
15 6
4 4
6 2
7 2
13 7
10 8
8 3
16 4
7 0
12 9
17 6
15 1
5 5
5 0
13 8
0 7
6 2
2 2
3 1
16 5
8 5
8 2
5 7
5 11
8 1
12 1
9 7
6 6
12 7
7 10
10 4
3 3
6 3
12 3
7 4
16 8
1 10
4 3
16 9
49 20

15 18
14
7 17
11 3
13 15
5 10
10 11
13 17
12 1
14 12
3 0
13 15
11 1
0 11
10 2
10 3
27 20
