10

4 7
18
2 3
1 2
2 3
2 5
3 4
0 0
0 1
3 2
3 0
2 2
2 5
3 6
1 5
2 0
1 5
1 2
3 0
1 2
16 2

14 2
20
2 0
8 1
12 1
8 1
9 0
4 0
3 0
13 1
5 0
5 0
11 0
7 1
3 0
3 0
9 0
0 0
0 1
10 1
0 0
4 0
5 3

4 12
15
0 0
3 0
2 4
2 6
3 11
2 10
3 10
1 9
1 2
0 0
1 8
2 8
1 1
0 5
0 11
20 13

10 12
18
5 9
7 9
6 3
3 5
5 6
3 10
4 11
1 4
9 8
9 3
8 6
5 4
9 4
3 0
5 2
1 2
5 1
8 11
18 12

5 9
2
4 4
4 4
11 4

15 8
17
10 3
1 3
11 0
13 5
2 3
1 2
10 2
7 5
13 3
8 2
6 7
9 0
4 0
13 3
8 5
10 6
13 0
4 4

9 9
10
2 0
6 3
8 2
1 5
1 2
2 6
2 2
3 7
6 2
7 8
18 12

8 16
5
4 6
7 3
0 2
6 4
2 15
9 6

6 2
2
0 1
4 0
11 9

7 3
6
2 0
2 2
2 0
0 0
1 2
3 0
9 2