6

17 36
69
7 4
3 0
4 28
3 16
13 4
13 1
4 2
3 6
8 10
10 34
0 34
2 7
14 19
8 16
1 9
0 1
3 20
12 0
5 1
15 29
14 32
4 33
5 9
14 15
2 26
12 16
11 15
0 30
4 31
0 1
7 23
9 8
10 16
7 3
12 8
5 17
8 33
7 17
10 0
3 2
4 1
10 14
8 29
8 18
10 5
4 20
6 17
12 21
8 34
1 16
13 24
7 21
8 32
9 25
5 5
1 2
7 14
6 6
10 32
9 7
12 24
0 31
8 8
9 4
6 31
15 34
13 33
2 6
8 6
5 1

41 40
75
7 15
37 35
10 31
12 2
32 4
33 33
17 25
23 14
0 30
5 9
26 24
27 18
2 15
7 33
16 33
16 22
29 35
32 21
26 38
21 26
21 6
23 23
35 24
22 24
27 3
14 33
20 22
24 13
33 17
0 6
1 29
5 15
7 28
18 37
32 29
6 4
6 6
2 19
18 13
28 21
17 14
23 12
36 30
5 15
11 36
31 20
27 11
34 35
16 26
39 6
17 35
34 6
16 7
27 14
0 15
16 34
7 26
22 16
10 10
28 32
1 0
31 19
16 30
31 5
33 36
23 4
6 33
27 21
39 35
33 2
19 3
27 31
6 33
5 32
31 2
6 2

41 40
72
36 5
11 37
1 2
12 38
12 3
37 9
21 32
33 23
7 22
12 30
30 0
26 4
6 20
17 23
2 20
13 24
37 21
7 13
6 29
36 20
36 5
24 5
20 28
30 17
2 5
35 5
3 23
24 9
20 1
29 36
7 3
29 12
37 20
7 21
8 1
14 16
20 21
26 13
30 35
8 34
25 29
17 0
1 31
10 34
0 26
27 22
7 31
26 12
24 27
10 14
33 26
37 25
3 35
15 38
20 17
39 6
20 23
19 33
27 8
39 35
38 0
30 36
29 35
17 23
16 25
38 6
26 29
13 0
25 7
17 8
3 38
35 17
4 1

43 47
74
1 15
20 7
38 45
40 39
17 6
39 31
33 29
31 11
3 44
15 35
40 38
30 32
21 23
13 37
32 30
15 21
24 19
41 39
4 0
23 11
8 30
24 37
36 16
5 26
13 28
22 2
24 25
30 3
23 21
11 6
13 24
34 41
41 40
18 2
12 2
10 32
36 43
21 1
8 33
19 18
13 6
3 7
3 1
16 1
8 35
30 14
36 27
3 30
20 28
7 16
12 26
12 37
41 41
36 28
25 18
16 40
11 21
17 2
23 31
33 0
22 26
24 23
8 17
33 8
10 32
40 33
15 39
10 1
34 30
3 8
39 15
1 17
3 35
28 3
5 1

48 39
81
26 11
8 27
0 26
40 23
18 19
7 0
29 35
45 13
27 7
17 9
22 36
9 27
40 36
24 23
19 27
43 20
6 9
39 32
2 18
15 3
19 34
41 31
15 20
30 16
17 20
45 15
15 7
28 1
28 6
13 17
4 7
25 16
3 14
21 1
42 20
17 24
24 21
38 24
23 35
7 26
19 10
30 25
45 6
15 8
11 3
36 23
38 6
4 14
16 19
18 23
39 1
12 33
35 32
16 21
14 17
8 13
42 1
38 28
45 33
20 33
11 4
24 11
12 25
29 33
30 3
2 28
6 8
39 16
13 31
35 36
27 32
43 8
26 13
32 35
1 27
0 5
9 19
33 27
6 34
8 0
46 30
6 1

9 24
100
6 22
5 10
2 20
5 5
7 8
0 16
2 7
2 13
5 16
6 12
4 4
7 17
3 11
3 8
3 14
5 16
6 18
1 1
7 19
7 2
0 1
6 12
5 5
2 5
7 13
2 6
4 0
4 21
4 9
1 17
1 0
0 2
6 6
1 11
2 5
1 4
2 20
7 5
5 16
2 2
6 21
5 10
4 9
6 19
0 7
2 9
4 11
4 3
0 17
3 12
7 7
4 3
2 3
5 22
2 7
7 7
2 15
5 4
3 9
3 11
6 5
5 19
5 5
5 9
4 21
7 6
6 3
4 2
1 7
7 20
6 0
2 18
5 17
5 3
6 21
6 6
1 17
5 14
2 18
1 18
1 1
4 1
6 19
2 11
7 19
2 4
6 17
7 4
4 17
1 17
1 11
5 18
1 21
3 1
7 6
4 17
2 11
2 13
1 9
6 12
4 1