8

31 42
16
22 22
21 13
7 18
1 20
20 25
6 29
28 40
25 7
24 12
13 33
4 19
1 27
7 1
9 34
11 34
28 3
3 1

27 42
57
6 17
22 15
7 15
10 17
23 17
8 10
24 8
24 36
9 30
13 33
19 33
6 8
19 36
12 31
9 8
12 5
1 19
10 37
13 12
18 18
12 11
11 38
14 40
11 27
17 34
21 29
0 29
4 21
3 34
22 32
13 17
20 37
1 38
21 16
13 21
25 1
4 28
1 25
10 27
4 36
13 16
7 24
18 12
15 10
24 1
24 19
15 11
15 5
13 12
17 17
19 27
7 16
7 17
13 25
9 20
16 5
5 5
12 2

12 42
30
7 6
9 26
8 24
4 24
9 31
4 40
9 40
3 27
2 26
1 0
9 19
9 18
3 17
7 25
1 2
10 26
1 40
2 0
5 21
7 0
2 16
2 28
4 21
10 26
7 16
7 23
3 10
7 11
7 2
2 0
3 1

26 5
99
17 1
8 3
21 3
10 1
21 3
18 3
20 3
14 1
19 3
10 0
20 0
22 3
0 2
17 0
5 2
8 3
8 1
15 3
1 2
12 2
24 2
19 0
8 3
11 0
18 1
5 0
9 3
0 2
2 2
22 0
8 2
1 3
20 1
0 1
0 2
2 0
19 3
15 2
3 2
6 0
5 2
6 2
10 1
21 3
5 1
10 1
13 2
10 2
16 1
7 0
8 1
21 0
20 2
14 3
1 1
11 2
21 2
14 1
22 2
9 1
21 1
19 2
15 2
22 2
8 2
14 1
1 3
13 2
20 2
2 1
14 3
9 3
14 1
12 1
13 0
24 2
23 3
10 2
3 1
22 0
13 2
8 1
2 1
12 0
4 0
23 0
21 2
5 0
15 1
19 0
5 1
12 3
0 0
0 3
10 3
6 2
4 3
24 1
1 0
4 1

47 41
17
10 14
25 39
0 35
39 11
6 11
6 36
32 37
1 38
28 6
41 38
24 18
36 5
32 37
27 22
34 36
42 28
0 3
2 1

36 18
13
11 12
31 14
20 14
17 6
30 1
20 6
22 13
13 7
22 4
25 1
6 10
29 12
11 5
3 1

38 48
69
15 46
24 18
10 29
6 40
27 2
35 44
29 14
0 42
7 1
7 34
31 6
35 20
1 17
10 28
6 32
17 8
12 5
2 13
9 3
34 4
6 1
0 22
14 18
15 33
4 10
33 25
14 19
5 17
19 20
28 16
4 38
27 12
21 32
26 7
32 30
14 34
34 0
10 9
2 8
33 9
13 13
36 10
36 4
1 46
33 40
17 8
30 39
11 12
26 20
30 32
24 23
29 9
25 17
5 1
27 31
32 44
3 37
1 18
30 7
36 43
25 9
7 44
10 28
17 45
16 38
32 14
14 13
29 6
33 30
10 1

9 24
100
6 22
5 10
2 20
5 5
7 8
0 16
2 7
2 13
5 16
6 12
4 4
7 17
3 11
3 8
3 14
5 16
6 18
1 1
7 19
7 2
0 1
6 12
5 5
2 5
7 13
2 6
4 0
4 21
4 9
1 17
1 0
0 2
6 6
1 11
2 5
1 4
2 20
7 5
5 16
2 2
6 21
5 10
4 9
6 19
0 7
2 9
4 11
4 3
0 17
3 12
7 7
4 3
2 3
5 22
2 7
7 7
2 15
5 4
3 9
3 11
6 5
5 19
5 5
5 9
4 21
7 6
6 3
4 2
1 7
7 20
6 0
2 18
5 17
5 3
6 21
6 6
1 17
5 14
2 18
1 18
1 1
4 1
6 19
2 11
7 19
2 4
6 17
7 4
4 17
1 17
1 11
5 18
1 21
3 1
7 6
4 17
2 11
2 13
1 9
6 12
4 1