5

12 12
41
3 10
10 11
5 2
11 6
1 11
9 2
8 4
6 10
7 8
3 10
9 3
11 5
1 7
8 2
5 3
5 6
1 3
5 3
2 2
6 2
10 1
1 6
5 5
5 11
1 7
7 7
9 6
11 10
11 5
9 2
8 11
7 6
11 9
7 2
11 1
1 9
2 2
4 6
6 6
3 4
1 7
10 6

8 20
73
5 15
4 13
4 19
3 3
4 10
6 11
7 16
7 8
3 16
6 8
7 6
7 10
7 19
3 7
4 6
7 17
6 19
3 11
1 2
6 10
4 7
7 17
2 2
2 4
3 18
7 13
5 11
4 14
5 19
3 8
6 4
4 3
2 6
4 17
7 1
2 15
4 5
2 2
5 14
4 17
6 10
1 16
3 3
5 5
6 3
4 4
6 11
6 5
2 16
6 1
2 19
7 18
6 5
7 7
7 1
1 12
7 7
5 6
3 9
6 8
4 19
1 13
3 14
4 4
6 10
1 1
5 16
2 13
6 17
4 16
7 17
5 3
5 7
4 3

4 2
80
1 1
3 1
3 1
3 1
3 1
3 1
1 1
1 1
3 1
2 1
2 1
3 1
2 1
1 1
2 1
3 1
3 1
2 1
2 1
2 1
3 1
3 1
3 1
1 1
2 1
3 1
1 1
1 1
3 1
2 1
3 1
1 1
3 1
2 1
2 1
3 1
3 1
2 1
1 1
3 1
1 1
2 1
1 1
1 1
1 1
3 1
1 1
3 1
2 1
2 1
1 1
2 1
2 1
3 1
2 1
3 1
3 1
3 1
1 1
3 1
3 1
1 1
1 1
2 1
3 1
1 1
2 1
3 1
3 1
2 1
1 1
3 1
3 1
1 1
2 1
1 1
3 1
3 1
2 1
1 1
9 2

19 21
89
2 12
1 5
17 10
6 14
18 15
8 8
13 7
13 5
8 10
15 9
11 15
12 9
6 18
7 15
18 7
11 9
14 15
4 2
13 1
12 20
13 17
14 3
18 2
11 11
1 9
5 9
16 8
3 1
9 7
7 5
15 2
3 3
4 10
2 4
12 11
8 8
12 7
10 15
8 8
15 10
3 15
12 4
14 10
18 11
2 2
7 1
1 11
5 3
15 18
18 14
15 5
12 20
5 3
18 10
17 18
13 11
12 20
16 5
17 1
5 17
18 13
11 1
18 3
3 8
16 12
17 20
5 2
1 7
9 4
1 19
9 19
7 16
17 6
5 19
16 19
9 11
16 15
11 19
11 5
8 9
11 6
18 13
14 11
3 16
14 19
10 7
12 14
4 8
15 14
8 4

3 20
86
2 19
1 3
2 12
1 9
1 14
1 11
1 14
2 1
1 2
1 10
1 14
2 18
2 4
2 4
2 19
1 13
2 11
2 19
1 9
2 3
1 19
2 17
1 16
1 6
1 18
1 8
1 15
1 2
2 12
1 13
1 3
1 3
1 17
1 13
1 4
1 18
2 18
2 13
1 7
1 13
2 11
1 10
2 1
2 1
2 10
1 16
1 15
2 3
2 18
1 8
1 4
2 18
2 18
1 13
2 6
2 3
2 4
2 15
1 14
1 10
2 5
2 12
1 18
1 5
2 3
1 12
1 15
1 5
2 17
2 8
1 1
1 10
2 15
1 1
1 17
2 9
2 7
2 15
2 12
2 18
1 6
2 17
1 16
1 7
2 13
2 6
6 6
