4

10 10
40
3 6
7 5
3 5
6 2
9 1
2 7
0 9
0 6
2 6
1 8
7 9
2 0
2 3
9 2
2 8
9 7
1 2
9 3
1 9
4 7
8 4
5 0
1 0
6 3
6 1
5 5
6 5
6 9
3 7
4 5
2 5
4 4
3 0
7 8
6 8
3 1
4 9
6 6
4 8
7 1
100 100

1 10
4
0 6
0 5
0 2
0 1
10 10

30 10
50
13 6
27 5
23 5
16 2
9 1
2 7
20 9
23 6
0 6
22 6
11 8
27 9
2 0
2 3
7 5
29 2
12 8
29 7
1 2
9 3
21 9
14 7
8 4
5 0
1 0
26 3
16 1
15 5
26 5
16 9
13 7
24 5
12 5
14 4
3 0
7 8
6 8
3 1
14 9
12 0
26 8
19 2
16 6
24 9
15 0
14 8
17 1
17 2
27 2
26 1
100 100

50 20
100
33 6
27 15
43 15
36 12
49 1
12 7
40 19
13 6
40 6
22 16
11 8
17 9
32 10
12 3
17 15
29 2
22 18
19 7
43 16
11 2
29 13
21 19
34 17
48 4
15 10
41 0
6 13
12 10
46 1
5 5
34 7
36 5
46 9
13 17
24 15
32 5
14 7
34 4
43 10
37 8
26 18
38 4
3 11
4 19
32 0
26 8
39 12
26 6
44 19
45 10
34 18
17 1
47 2
17 12
2 16
1 0
36 1
15 9
40 9
31 17
47 11
31 15
9 7
17 16
47 13
6 3
19 4
28 11
32 9
3 19
20 8
8 15
46 3
18 5
46 11
21 15
29 8
14 8
41 10
43 0
24 14
37 16
43 11
27 5
9 16
32 11
25 7
24 1
29 17
35 13
18 8
28 9
26 4
43 3
13 18
6 0
4 18
28 8
19 17
24 3
1000 1000
